93.8376
129.716
154.884
120.286
2.84217e-13
97.5527
133.557
155.807
122.535
2.84217e-13
101.315
137.289
156.802
124.895
2.84217e-13
93.5008
128.465
150.602
112.537
2.84217e-13
96.9884
132.178
151.717
114.971
2.84217e-13
100.494
135.732
152.901
117.47
2.84217e-13
104.04
139.166
154.15
120.055
2.84217e-13
107.657
142.519
155.463
122.754
2.84217e-13
111.384
145.84
156.846
125.601
2.84217e-13
94.2616
128.542
145.439
104.457
2.84217e-13
97.5187
132.078
146.834
107.154
2.84217e-13
100.775
135.423
148.282
109.874
2.84217e-13
104.05
138.619
149.777
112.637
2.84217e-13
107.366
141.703
151.32
115.465
2.84217e-13
110.753
144.713
152.913
118.385
2.84217e-13
114.248
147.687
154.567
121.434
2.84217e-13
117.906
150.685
156.303
124.663
2.84217e-13
93.0666
126.52
137.545
93.0666
2.84217e-13
96.1092
130.044
139.31
96.1092
2.84217e-13
99.1151
133.297
141.098
99.1151
2.84217e-13
102.107
136.346
142.906
102.107
2.84217e-13
105.105
139.242
144.733
105.105
2.84217e-13
108.13
142.021
146.577
108.13
2.84217e-13
111.205
144.716
148.446
111.205
2.84217e-13
114.358
147.356
150.346
114.358
2.84217e-13
117.626
149.974
152.294
117.626
2.84217e-13
121.059
152.616
154.32
121.059
2.84217e-13
124.742
155.363
156.486
124.742
2.84217e-13
104.457
138.477
136.803
94.2616
2.84217e-13
107.154
140.976
139.045
97.5187
2.84217e-13
109.874
143.38
141.266
100.775
2.84217e-13
112.637
145.714
143.476
104.05
2.84217e-13
115.465
148
145.684
107.366
2.84217e-13
118.385
150.262
147.907
110.753
2.84217e-13
121.434
152.522
150.167
114.248
2.84217e-13
124.663
154.818
152.504
117.906
2.84217e-13
112.537
145.649
135.501
93.5008
2.84217e-13
114.971
147.567
138.102
96.9884
2.84217e-13
117.47
149.465
140.665
100.494
2.84217e-13
120.055
151.354
143.21
104.04
2.84217e-13
122.754
153.247
145.757
107.657
2.84217e-13
125.601
155.163
148.339
111.384
2.84217e-13
120.286
151.564
135.452
93.8376
2.84217e-13
122.535
153.067
138.339
97.5527
2.84217e-13
124.895
154.592
141.201
101.315
2.84217e-13
